8
visit_to_Asia?               2
tuberculosis?                2
smoking?                     2
lung_cancer?                 2
tuberculosis_or_lung_cancer? 2
bronchitis?                  2
positive_Xray?               2
dyspnoea?                    2
1.309770000000000336e-05
2.593344600000000669e-04
2.488563000000000385e-04
2.567411154000000251e-02
6.548849999999999776e-07
1.296672300000000030e-05
1.244281499999999989e-05
1.283705577000000082e-03
1.178793000000000218e-04
2.334010139999999952e-03
2.262330000000000073e-05
2.334010139999999952e-03
6.483361500000001673e-05
1.283705577000000299e-03
1.244281499999999989e-05
1.283705577000000082e-03
5.249999999999999862e-09
1.039500000000000011e-07
9.974999999999998993e-08
1.029104999999999865e-05
2.625000000000000241e-10
5.197499999999999888e-09
4.987499999999999166e-09
5.145524999999999748e-07
4.724999999999999627e-08
9.355499999999999831e-07
8.887724999999998664e-05
9.169325549999999408e-03
2.598750000000000027e-08
5.145524999999999748e-07
4.888248749999998723e-05
5.043129052499998634e-03
7.761600000000002056e-06
1.536796800000000106e-04
1.474703999999999967e-04
1.521428832000000161e-02
1.358279999999999852e-06
2.689394399999999372e-05
2.580731999999999400e-05
2.662500455999998981e-03
6.985440000000001342e-05
1.383117120000000285e-03
1.340640000000000093e-05
1.383117120000000285e-03
1.344697200000000126e-04
2.662500455999999415e-03
2.580731999999999739e-05
2.662500455999999415e-03
5.000000000000002379e-10
9.900000000000002623e-09
9.500000000000004004e-09
9.801000000000001537e-07
8.750000000000000803e-11
1.732500000000000169e-09
1.662500000000000204e-09
1.715175000000000269e-07
4.500000000000001418e-09
8.910000000000002360e-08
8.464500000000001713e-06
8.732691000000002276e-04
8.662500000000000640e-09
1.715175000000000269e-07
1.629416250000000139e-05
1.681043017500000267e-03
2.673000000000000179e-07
5.292539999999999983e-06
5.078700000000000181e-06
5.239614599999999848e-04
1.336500000000000089e-08
2.646270000000000309e-07
2.539350000000000302e-07
2.619807299999999856e-05
2.405700000000000531e-06
4.763286000000000663e-05
4.617000000000000116e-07
4.763285999999999985e-05
1.323135000000000208e-06
2.619807299999999856e-05
2.539350000000000302e-07
2.619807300000000195e-05
9.975000000000000316e-08
1.975049999999999835e-06
1.895249999999999981e-06
1.955299500000000031e-04
4.987499999999999993e-09
9.875249999999998381e-08
9.476249999999997256e-08
9.776497499999998463e-06
8.977500000000000020e-07
1.777544999999999597e-05
1.688667749999999638e-03
1.742171854499999784e-01
4.937624999999999587e-07
9.776497500000000157e-06
9.287672624999998659e-04
9.581945199749998532e-02
1.584000000000000420e-07
3.136320000000000916e-06
3.009600000000000374e-06
3.104956800000000352e-04
2.772000000000000271e-08
5.488560000000000014e-07
5.266800000000000548e-07
5.433674399999999802e-05
1.425600000000000166e-06
2.822688000000000443e-05
2.736000000000000147e-07
2.822688000000000443e-05
2.744280000000000007e-06
5.433674399999999802e-05
5.266799999999999489e-07
5.433674399999999124e-05
9.500000000000002349e-09
1.881000000000000498e-07
1.805000000000000612e-07
1.862190000000000546e-05
1.662499999999999998e-09
3.291749999999999681e-08
3.158749999999999085e-08
3.258832499999999347e-06
8.550000000000003107e-08
1.692900000000000343e-06
1.608255000000000004e-04
1.659211290000000422e-02
1.645875000000000039e-07
3.258832499999999770e-06
3.095890874999999553e-04
3.193981733249999511e-02
1.455300000000000280e-06
2.881494000000000029e-05
2.765070000000000277e-05
2.852679060000000086e-03
7.276500000000000339e-08
1.440747000000000057e-06
1.382535000000000012e-06
1.426339529999999880e-04
1.309769999999999998e-05
2.593344600000000127e-04
2.513699999999999328e-06
2.593344599999999585e-04
7.203735000000000071e-06
1.426339529999999880e-04
1.382535000000000012e-06
1.426339529999999880e-04
2.250000000000000295e-09
4.454999999999999857e-08
4.274999999999999568e-08
4.410449999999999421e-06
1.124999999999999993e-10
2.227500000000000011e-09
2.137500000000000115e-09
2.205224999999999817e-07
2.024999999999999604e-08
4.009499999999999474e-07
3.809025000000000008e-05
3.929710949999999994e-03
1.113749999999999964e-08
2.205225000000000081e-07
2.094963749999999598e-05
2.161341022499999910e-03
1.940400000000000514e-06
3.841992000000000264e-05
3.686759999999999918e-05
3.803572080000000404e-03
3.395699999999999629e-07
6.723485999999998429e-06
6.451829999999998501e-06
6.656251139999997454e-04
1.746360000000000336e-05
3.457792800000000712e-04
3.351600000000000233e-06
3.457792800000000712e-04
3.361743000000000316e-05
6.656251139999998538e-04
6.451829999999999348e-06
6.656251139999998538e-04
4.500000000000000590e-09
8.909999999999999713e-08
8.549999999999999137e-08
8.820899999999998843e-06
7.875000000000001240e-10
1.559250000000000215e-08
1.496250000000000246e-08
1.543657500000000136e-06
4.050000000000000531e-08
8.019000000000001065e-07
7.618050000000001372e-05
7.859421900000001723e-03
7.796250000000000742e-08
1.543657500000000136e-06
1.466474625000000159e-04
1.512938715750000197e-02
2.970000000000000125e-08
5.880599999999999864e-07
5.642999999999999377e-07
5.821793999999999304e-05
1.484999999999999938e-09
2.940299999999999535e-08
2.821499999999999490e-08
2.910896999999999652e-06
2.673000000000000179e-07
5.292539999999999983e-06
5.129999999999998953e-08
5.292539999999999136e-06
1.470149999999999966e-07
2.910896999999999652e-06
2.821499999999999490e-08
2.910896999999999652e-06
4.275000000000000892e-08
8.464500000000000654e-07
8.122499999999999312e-07
8.379854999999999748e-05
2.137500000000000115e-09
4.232249999999999401e-08
4.061249999999999391e-08
4.189927499999999704e-06
3.847500000000000009e-07
7.618049999999999847e-06
7.237147499999999067e-04
7.466450804999999469e-02
2.116125000000000164e-07
4.189927499999999704e-06
3.980431124999999812e-04
4.106547942750000263e-02
3.960000000000001049e-08
7.840800000000002289e-07
7.524000000000000934e-07
7.762392000000000879e-05
6.930000000000000678e-09
1.372140000000000003e-07
1.316700000000000137e-07
1.358418599999999951e-05
3.564000000000000415e-07
7.056720000000001107e-06
6.840000000000000368e-08
7.056720000000001107e-06
6.860700000000000017e-07
1.358418599999999951e-05
1.316699999999999872e-07
1.358418599999999781e-05
8.550000000000003107e-08
1.692900000000000343e-06
1.624500000000000286e-06
1.675971000000000221e-04
1.496249999999999915e-08
2.962574999999999647e-07
2.842874999999999442e-07
2.932949249999999708e-05
7.695000000000001076e-07
1.523610000000000308e-05
1.447429500000000030e-03
1.493290161000000171e-01
1.481287499999999876e-06
2.932949249999999370e-05
2.786301787499998947e-03
2.874583559924999698e-01
